%YAML:1.0
---
calibration_time: "Fri 03 May 2019 01:01:03 PM CEST"
nframes: 24
image_width: 640
image_height: 480
board_width: 9
board_height: 6
square_size: 3.0999999493360519e-02
aspectRatio: 1.
flags: 2
camera_matrix: !!opencv-matrix
   rows: 3
   cols: 3
   dt: d
   data: [ 6.4647762101900469e+02, 0., 2.9978963817564551e+02, 0.,
       6.4647762101900469e+02, 2.4283662260386737e+02, 0., 0., 1. ]
distortion_coefficients: !!opencv-matrix
   rows: 5
   cols: 1
   dt: d
   data: [ 4.4932356179872755e-02, -1.4995935698038973e-01,
       3.3758178755960086e-03, 1.2234694953722743e-03,
       -2.6938678631173118e-02 ]
avg_reprojection_error: 5.3557043042934649e-01
per_view_reprojection_errors: !!opencv-matrix
   rows: 24
   cols: 1
   dt: f
   data: [ 1.50724441e-01, 1.39101398e+00, 7.03295171e-01,
       4.79062140e-01, 5.05186081e-01, 1.26281813e-01, 2.26736814e-01,
       1.67391583e-01, 2.25877643e-01, 7.05307066e-01, 1.33780435e-01,
       1.27274856e-01, 2.20706955e-01, 1.05896342e+00, 1.67123988e-01,
       1.80743232e-01, 4.61209238e-01, 3.56122613e-01, 3.83820474e-01,
       1.06623578e+00, 1.90153390e-01, 4.01031524e-01, 2.13833764e-01,
       4.14719522e-01 ]
extrinsic_parameters: !!opencv-matrix
   rows: 24
   cols: 6
   dt: d
   data: [ 3.2478393348383250e-01, -2.2638239491163201e-02,
       1.1441427441430995e-02, -1.2818250863405542e-01,
       -6.2258329047194028e-02, 3.4531583497722024e-01,
       4.2364731171157344e-01, -2.5583771550412587e-01,
       -5.3890294286456135e-02, -1.2254806475602384e-01,
       -6.2682390690477124e-02, 2.7618427679491780e-01,
       2.3376034913564431e-01, -6.1911149128823312e-02,
       -1.6750364305020216e-01, -8.0562614438197969e-02,
       -3.2461896509356866e-02, 3.3069843272649224e-01,
       3.0789726992034250e-01, -6.8263210934930457e-02,
       -6.3882705552234367e-02, -8.9633383336063049e-02,
       -6.8306336635852352e-02, 3.2425864612268224e-01,
       5.2128884180706692e-01, 8.6002447908978832e-02,
       -3.4686428492209667e-02, -1.3945602960512438e-01,
       -7.5579435364983127e-02, 3.8172838057790781e-01,
       1.5913791614993689e-01, -4.2981359066870412e-01,
       -1.0926708064831407e-01, -9.1874890163346767e-02,
       -4.5890751278322803e-02, 3.6148121274133510e-01,
       1.1723097906724689e-01, -5.1068611712615219e-01,
       -6.5754921042026543e-02, -9.5567569499193650e-02,
       -7.5048449313646459e-02, 3.5625080979039059e-01,
       -4.5072654345741085e-02, 4.7804819005302836e-03,
       -2.9758802197097031e-02, -9.3397349521052456e-02,
       -6.9678969310801114e-02, 4.0068922395600420e-01,
       7.3686029491286748e-02, 2.8713644663391047e-01,
       6.3909489198098482e-02, -1.7838157841855470e-01,
       -7.7422179042768796e-02, 4.3037083547326604e-01,
       1.1643694584844155e-01, 3.7809972097769645e-01,
       5.1126651429252372e-02, -1.3209325999034874e-01,
       -8.5537091308078850e-02, 4.3951022910503645e-01,
       3.6252976519960095e-01, 4.4499882483386388e-01,
       -1.7559278781629349e-02, -1.5598737127465945e-01,
       -5.6642791283148010e-02, 4.0141791893498247e-01,
       2.6527400782572048e-02, -3.1955865577168163e-01,
       -2.2892338145311636e-02, -1.1779278451544206e-01,
       -9.6754018318795931e-02, 3.5011761596475027e-01,
       4.6192969906693343e-01, 3.8962920107669241e-01,
       -3.7693130386627464e-02, -1.2409865182242509e-01,
       -5.1328473128175053e-02, 4.5696490590004596e-01,
       1.0147623825158439e-01, -9.6753698384627496e-02,
       -1.7485732913809188e-02, -1.3119523652292303e-01,
       -6.6233596516566087e-02, 3.3984432431851880e-01,
       5.0667738356615498e-02, -4.2255532669469087e-01,
       -1.1653256418862708e-01, -1.0881871966689483e-01,
       -6.0200519381401155e-02, 3.3767083713266788e-01,
       2.8633166501868546e-01, -5.0296232191288293e-01,
       -1.9267223160875599e-01, -8.8301522969688878e-02,
       -4.8534843500662436e-02, 3.3286239297645759e-01,
       2.3384039214687169e-01, 3.2732129882795880e-01,
       -7.4941374510224673e-02, -1.1781991477868943e-01,
       -8.4234635427619789e-02, 4.2489463120928794e-01,
       -4.3387479187381103e-02, 2.4043578143916375e-02,
       3.4412353277569460e-02, -1.1719572972764877e-01,
       -7.4164017691622980e-02, 3.6380504217851978e-01,
       1.6656921975610185e-02, -2.7326496635065084e-01,
       1.3941129474121167e-04, -6.8143940051931112e-02,
       -8.3078328075482946e-02, 3.1628925778694522e-01,
       -4.9797737674033924e-03, -3.7129659818451660e-01,
       2.3519733324048168e-02, -7.6808538086623218e-02,
       -1.0051491320485136e-01, 3.1875213777498085e-01,
       -1.9082051160982164e-02, -5.4267396061338291e-01,
       8.1779612831577933e-02, -9.0995701217767677e-02,
       -8.8409438116110031e-02, 3.3381893314092154e-01,
       9.8452796422809713e-02, 6.0286690863037906e-01,
       -9.0672446529901252e-02, -1.4267335252278096e-01,
       -5.7319648045131760e-02, 4.2541970047918404e-01,
       3.2282384890810467e-01, 5.2249584728569110e-01,
       2.1455133986653818e-01, -1.3879646668519691e-01,
       -1.1086244788602131e-01, 4.2966164673155882e-01,
       5.5293788147388367e-01, -3.0444597914172106e-01,
       -5.3801354897343258e-02, -6.3864727492596043e-02,
       -3.1858691390741788e-02, 3.0230256866038091e-01 ]
